[gd_scene load_steps=9 format=3 uid="uid://ct1603crj6l3"]

[ext_resource type="Script" path="res://scripts/MainCommandHandler.cs" id="1_pyno1"]
[ext_resource type="Script" path="res://scripts/camera/WorldCameraMover.cs" id="2_0nseo"]
[ext_resource type="Script" path="res://scripts/camera/WorldCamera.cs" id="4_mjgsw"]
[ext_resource type="PackedScene" uid="uid://ke7emiirmjn1" path="res://scripts/editor/terrain/player/Player.tscn" id="5_ndg8h"]
[ext_resource type="PackedScene" uid="uid://du8hoef1uyiq6" path="res://prefabs/DebugMenu.tscn" id="6_khav5"]
[ext_resource type="PackedScene" uid="uid://ckgk1qgutb8vr" path="res://prefabs/scenes/Level.tscn" id="6_wccm7"]
[ext_resource type="PackedScene" uid="uid://pv8x8kwhfrgy" path="res://prefabs/MainMenu.tscn" id="7_cfyxc"]

[sub_resource type="Environment" id="Environment_2pys1"]

[node name="World" type="Node3D" node_paths=PackedStringArray("Menu")]
script = ExtResource("1_pyno1")
Menu = NodePath("MainMenu")

[node name="RTSCameraBody" type="CharacterBody3D" parent="."]
transform = Transform3D(-0.707107, 0, -0.707107, 0, 1, 0, 0.707107, 0, -0.707107, 0, 0, 0)
script = ExtResource("2_0nseo")

[node name="Player" parent="RTSCameraBody" instance=ExtResource("5_ndg8h")]
transform = Transform3D(-0.707107, 0, 0.707107, 0, 1, 0, -0.707107, 0, -0.707107, 7.07107, 80, 0)

[node name="RTSCamera" type="Camera3D" parent="RTSCameraBody"]
transform = Transform3D(1, 0, 0, 0, 0.669131, 0.743145, 0, -0.743145, 0.66913, 0, 50, 42.4264)
current = true
fov = 50.0
size = 50.0
near = 0.3
script = ExtResource("4_mjgsw")

[node name="Field" type="Node3D" parent="."]
transform = Transform3D(1, 0, 0, 0, 1, 0, 0, 0, 1, 0.999998, 0, 0.999998)

[node name="Level" parent="." instance=ExtResource("6_wccm7")]

[node name="WorldEnvironment" type="WorldEnvironment" parent="."]
environment = SubResource("Environment_2pys1")

[node name="DirectionalLight3D" type="DirectionalLight3D" parent="WorldEnvironment"]
transform = Transform3D(1, 0, 0, 0, 1, 0, 0, 0, 1, 48.336, 0, 19.7305)

[node name="DebugMenu" parent="." instance=ExtResource("6_khav5")]

[node name="MainMenu" parent="." instance=ExtResource("7_cfyxc")]
process_mode = 3
