[gd_scene load_steps=8 format=3 uid="uid://ct1603crj6l3"]

[ext_resource type="Script" path="res://scripts/MainCommandHandler.cs" id="1_pyno1"]
[ext_resource type="Script" path="res://scripts/camera/WorldCameraMover.cs" id="2_0nseo"]
[ext_resource type="Script" path="res://scripts/camera/WorldCamera.cs" id="4_mjgsw"]
[ext_resource type="LabelSettings" uid="uid://b3e24axr84y8u" path="res://fonts/TestLabelSettings.tres" id="6_8dqmx"]
[ext_resource type="Script" path="res://scripts/dbg/DebugMenu.cs" id="6_8lt3s"]

[sub_resource type="CapsuleShape3D" id="CapsuleShape3D_i21la"]

[sub_resource type="CapsuleMesh" id="CapsuleMesh_83fwt"]

[node name="World" type="Node3D"]
script = ExtResource("1_pyno1")

[node name="RTSCameraBody" type="CharacterBody3D" parent="."]
transform = Transform3D(-0.707107, 0, -0.707107, 0, 1, 0, 0.707107, 0, -0.707107, 0, 0, 0)
script = ExtResource("2_0nseo")

[node name="CollisionShape3D" type="CollisionShape3D" parent="RTSCameraBody"]
transform = Transform3D(-0.707107, 0, 0.707107, 0, 1, 0, -0.707107, 0, -0.707107, 0, 2, 0)
shape = SubResource("CapsuleShape3D_i21la")

[node name="MeshInstance3D" type="MeshInstance3D" parent="RTSCameraBody/CollisionShape3D"]
visible = false
mesh = SubResource("CapsuleMesh_83fwt")

[node name="SpotLight3D" type="SpotLight3D" parent="RTSCameraBody/CollisionShape3D/MeshInstance3D"]
transform = Transform3D(-0.689975, 0.126763, -0.712646, 0.000561086, 0.984639, 0.174601, 0.723832, 0.12007, -0.679448, 0, 0, 0)
shadow_enabled = true
spot_range = 296.465
spot_angle = 28.441

[node name="RTSCamera" type="Camera3D" parent="RTSCameraBody"]
transform = Transform3D(1, 0, 0, 0, 0.669131, 0.743145, 0, -0.743145, 0.66913, 0, 50, 42.4264)
current = true
fov = 50.0
size = 50.0
near = 0.3
script = ExtResource("4_mjgsw")

[node name="DirectionalLight3D" type="DirectionalLight3D" parent="."]
transform = Transform3D(0.789149, 0.433013, -0.435596, -0.0473672, 0.75, 0.65974, 0.612372, -0.5, 0.612372, -4.96852, 40.2911, 0)
shadow_enabled = true
directional_shadow_mode = 0

[node name="Field" type="Node3D" parent="."]
transform = Transform3D(1, 0, 0, 0, 1, 0, 0, 0, 1, 0.999998, 0, 0.999998)
visible = false

[node name="CanvasLayer" type="CanvasLayer" parent="."]

[node name="DebugContainerRight" type="MarginContainer" parent="CanvasLayer"]
layout_direction = 2
anchors_preset = 1
anchor_left = 1.0
anchor_right = 1.0
offset_left = -190.0
offset_top = 3.0
offset_right = -7.0
offset_bottom = 130.0
grow_horizontal = 0
theme_override_constants/margin_top = 5
theme_override_constants/margin_right = 5

[node name="Label" type="Label" parent="CanvasLayer/DebugContainerRight"]
layout_mode = 2
text = "Controls:"
label_settings = ExtResource("6_8dqmx")
horizontal_alignment = 2

[node name="About" type="MarginContainer" parent="CanvasLayer"]
offset_right = 228.0
offset_bottom = 28.0
theme_override_constants/margin_left = 3
theme_override_constants/margin_top = 3

[node name="Label" type="Label" parent="CanvasLayer/About"]
layout_mode = 2
text = "RTS game. Work in progress.
"
label_settings = ExtResource("6_8dqmx")

[node name="DebugContainer" type="MarginContainer" parent="CanvasLayer"]
offset_top = 24.0
offset_right = 353.0
offset_bottom = 48.0
theme_override_constants/margin_left = 3
theme_override_constants/margin_top = 3
script = ExtResource("6_8lt3s")

[node name="DebugLabel" type="Label" parent="CanvasLayer/DebugContainer"]
layout_mode = 2
text = "Fatal error: failed to load debug menu."
label_settings = ExtResource("6_8dqmx")

[node name="MarginContainer" type="MarginContainer" parent="CanvasLayer"]
anchors_preset = 2
anchor_top = 1.0
anchor_bottom = 1.0
offset_top = -46.0
offset_right = 101.0
grow_vertical = 0
theme_override_constants/margin_left = 15
theme_override_constants/margin_bottom = 15

[node name="VBoxContainer" type="VBoxContainer" parent="CanvasLayer/MarginContainer"]
layout_mode = 2

[node name="TileEditor" type="Button" parent="CanvasLayer/MarginContainer/VBoxContainer"]
layout_mode = 2
text = "Tile Editor
"

[node name="Object Editor" type="Button" parent="CanvasLayer/MarginContainer/VBoxContainer"]
layout_mode = 2
text = "Object Editor
"

[node name="Exit" type="Button" parent="CanvasLayer/MarginContainer/VBoxContainer"]
layout_mode = 2
text = "Exit
"

[connection signal="pressed" from="CanvasLayer/MarginContainer/VBoxContainer/TileEditor" to="." method="SelectTileEditor"]
[connection signal="pressed" from="CanvasLayer/MarginContainer/VBoxContainer/Object Editor" to="." method="SelectObjectEditor"]
[connection signal="pressed" from="CanvasLayer/MarginContainer/VBoxContainer/Exit" to="." method="ClearSelector"]
